ATG
Start
Sn =  0.5
Sp =  0.5625
F-score=  0.529411764706

Stop
Sn =  0.888888888889
Sp =  1.0
F-score=  0.941176470588

ATG/TTG
Start
Sn =  0.444444444444
Sp =  0.5
F-score=  0.470588235294

Stop
Sn =  0.888888888889
Sp =  1.0
F-score=  0.941176470588